00003
00001
01105
01105
01105
01005
01005
01106
01106
01006
01006
01105
00001
01101
00105
01106
00001
01101
00106
00007
00102
01006
01107
00102
01006
00008
01002
01005
00101
00107
01002
01006
00007
01002
01006
00101
00108
01002
01005
01108
00102
01005
00101
00008
00102
01006
01008
01002
01005
01001
01107
00102
01006
00101
00107
01002
01006
00007
00102
01005
01001
00008
00102
01006
01001
01108
00102
01005
01108
01002
01005
00101
00107
00102
01006
01001
01007
00102
01005
01001
01008
00102
01005
00101
01007
01002
01005
00108
01002
01006
01007
01002
01006
01008
00102
01005
01107
01002
01005
01001
00108
01002
01005
00101
00004
00099